1 0
3 0
18 0
28 0
35 0
40 0
43 0
62 0
99 0
104 0
109 0
134 0
137 0
138 0
140 0
142 0
156 0
167 0
185 0
187 0
193 0
199 0
229 0
235 0
285 0
309 0
327 0
339 0
2 1
4 1
20 1
32 1
38 1
44 1
57 1
58 1
67 1
94 1
114 1
116 1
118 1
121 1
136 1
162 1
166 1
188 1
194 1
212 1
236 1
241 1
284 1
313 1
315 1
316 1
328 1
354 1
355 1
5 2
22 2
27 2
29 2
33 2
48 2
59 2
68 2
86 2
100 2
112 2
130 2
132 2
141 2
164 2
176 2
258 2
314 2
360 2
362 2
6 3
19 3
30 3
39 3
51 3
66 3
85 3
105 3
111 3
124 3
168 3
186 3
221 3
274 3
280 3
379 3
7 4
23 4
37 4
45 4
60 4
69 4
113 4
128 4
195 4
213 4
358 4
361 4
381 4
8 5
15 5
24 5
31 5
61 5
64 5
82 5
115 5
117 5
119 5
135 5
158 5
173 5
352 5
382 5
9 6
13 6
17 6
21 6
41 6
55 6
63 6
65 6
102 6
126 6
157 6
171 6
380 6
10 7
25 7
49 7
53 7
71 7
75 7
108 7
133 7
143 7
262 7
383 7
11 8
26 8
52 8
70 8
76 8
81 8
106 8
122 8
153 8
159 8
345 8
12 9
34 9
56 9
72 9
78 9
80 9
110 9
160 9
273 9
279 9
14 10
36 10
73 10
79 10
83 10
95 10
139 10
147 10
196 10
208 10
224 10
357 10
16 11
50 11
92 11
144 11
169 11
201 11
211 11
216 11
263 11
302 11
353 11
42 12
47 12
74 12
172 12
178 12
189 12
209 12
46 13
54 13
77 13
89 13
107 13
174 13
197 13
210 13
84 14
93 14
120 14
170 14
198 14
215 14
264 14
286 14
87 15
96 15
146 15
155 15
165 15
183 15
190 15
219 15
283 15
359 15
88 16
97 16
123 16
161 16
200 16
220 16
226 16
350 16
90 17
98 17
154 17
184 17
192 17
207 17
227 17
244 17
260 17
294 17
312 17
91 18
101 18
131 18
148 18
163 18
181 18
203 18
217 18
261 18
275 18
103 19
125 19
175 19
191 19
204 19
218 19
232 19
127 20
145 20
179 20
214 20
230 20
249 20
265 20
297 20
317 20
378 20
129 21
150 21
177 21
231 21
237 21
239 21
253 21
306 21
149 22
180 22
205 22
222 22
245 22
277 22
281 22
329 22
338 22
151 23
223 23
246 23
276 23
282 23
295 23
320 23
152 24
182 24
225 24
247 24
270 24
330 24
356 24
202 25
206 25
248 25
272 25
278 25
292 25
319 25
228 26
243 26
255 26
257 26
287 26
300 26
322 26
342 26
233 27
238 27
326 27
351 27
376 27
234 28
250 28
268 28
288 28
305 28
346 28
240 29
254 29
266 29
271 29
332 29
242 30
251 30
259 30
289 30
331 30
252 31
256 31
267 31
293 31
324 31
269 32
290 32
296 32
303 32
318 32
340 32
349 32
291 33
298 33
304 33
321 33
335 33
341 33
299 34
307 34
323 34
334 34
337 34
301 35
310 35
311 35
325 35
343 35
344 35
308 36
333 36
336 36
347 37
363 37
365 37
348 38
364 38
366 39
367 39
368 39
369 39
377 39
370 40
371 40
372 40
373 40
374 40
375 40
384 40
385 41
